# 10000
766073
880122
784024
621372
792335
516215
599369
314706
803302
23410
582629
918136
126343
505890
58123
443839
291077
695737
849985
916819
612776
840142
473075
603444
392704
263444
431494
452155
233518
1070401
420699
1044421
56380
644730
137824
786156
356773
125086
159166
271258
1000093
640373
882441
212653
402149
33735
1043134
88603
231053
165280
615768
169836
886729
971243
498730
982729
992196
512591
487286
698479
954732
398619
314160
629002
744438
860999
620633
597103
755736
71129
294195
970102
611924
9839
366805
110439
75433
215446
177273
112678
806618
732781
272027
649684
1041472
794853
446998
38115
517079
449082
280143
658231
460589
1006125
981266
958389
351916
398458
749775
881324
632179
912786
958133
119313
358413
1092393
688388
943634
736599
550873
1021785
759813
930764
1017719
916755
844736
611078
258888
226420
1062892
362192
141402
6906
408816
1089029
980985
985159
485696
730455
957660
876060
1037830
505801
916262
234909
746136
718195
61119
1024739
389853
379449
362985
1074145
910789
317417
507697
1019533
982178
487533
760145
240564
718110
251015
485063
733822
959503
101488
216993
96591
1037252
69414
768395
890540
629247
380109
822295
941171
678333
34095
652523
479208
306522
161324
109572
254277
138810
875587
1038098
721721
1003637
631898
386661
365634
53586
519298
859459
433160
313880
33151
296131
1086692
961434
360877
324080
560162
356152
148244
685630
534236
433321
224036
286129
703943
39436
970096
873405
1062340
499448
109722
1077707
231179
253813
613465
464500
890018
276168
698985
326218
291209
140148
497197
228819
805124
857242
881532
393697
304253
1000644
275781
846362
377425
596417
586234
148693
312360
845463
384304
934501
244797
625551
945938
173434
490782
482880
267387
860731
789276
7125
875113
488973
269843
87477
132608
247383
808640
773614
87187
432136
445426
627183
1083566
151684
637911
173854
494536
919646
431721
1057101
928479
765752
571773
563059
756979
208087
813997
642301
719790
672613
8392
141537
1027224
113601
741425
30726
642179
266079
143926
133647
150694
730119
897525
817280
843688
270475
527420
289573
360859
320686
45098
206899
839618
215293
60818
737579
155088
876382
154981
117169
438561
998694
113042
946333
438482
278451
162763
738547
319747
289405
386998
1063274
548198
574932
279219
147291
720296
197916
961116
816500
479710
165372
771562
400339
171255
874754
653298
233355
139696
812638
790974
123393
73031
244563
26543
202720
201037
416834
1049211
1056284
559441
390293
1078291
476168
1027226
476352
301802
342540
608717
439003
65374
27548
868280
206102
498105
584837
1049984
489649
983701
139574
1065442
460676
213951
777463
199677
159899
183996
748927
798647
1026399
116635
722024
34779
822040
1065434
1017587
955570
842600
290446
774168
982985
67970
15442
772114
774599
49972
973277
272291
304458
955108
974685
477351
576246
669012
617796
390717
984874
967812
197182
588982
224077
795669
150675
478625
707708
412669
793711
644610
918320
249071
82941
94553
176932
594090
1033682
256865
880905
487281
935098
78039
646457
956107
333114
330864
1010944
897935
523442
413171
26041
860892
442919
661566
705548
617587
857077
869155
625613
69643
879025
522451
219751
748102
912313
700652
549209
172144
1019399
829448
795878
125634
106043
750641
299019
616679
744731
925095
47043
718627
607201
761982
754931
799790
905276
949843
194186
539813
533634
189141
210856
449839
739121
139327
756685
1031542
713023
520045
237970
265925
46085
1082491
353232
1092329
152960
949870
347203
1083384
842502
464327
215261
708704
947605
377055
133117
326834
8870
986606
1004034
740924
1030903
192847
745593
383598
652754
200197
503034
880483
684386
770247
1069335
504806
853288
606733
824411
844791
628929
345627
240250
446146
608428
843312
495755
20471
46221
892281
972943
426088
352432
186167
1042921
1033061
713085
559706
4998
335167
796147
379634
510451
705951
42008
765273
741389
96335
658693
37189
1090087
992157
215485
785203
366025
1004454
424041
363383
93100
139757
930439
329548
1078509
864883
753079
9462
952764
107020
47210
514115
1001192
684565
150935
416016
377636
30433
199149
1020896
226216
283125
737901
75315
87028
19380
783858
657213
732085
580139
454887
237441
695233
253373
832413
684573
351383
853026
364467
866767
797295
510017
74041
1045387
701671
118159
436563
414367
460630
431246
34794
106261
225945
653759
806224
687371
553906
826402
311905
783248
497922
734201
52357
132691
426587
109113
848976
860460
414106
733604
95675
77508
272251
233548
812947
831445
594002
694239
383594
453348
45623
650231
59417
818452
1055114
347448
607675
98872
288771
1064716
1036880
1063422
791633
399748
590595
496066
781561
717094
542539
380311
379424
1074856
29958
593568
909185
612768
451257
757239
528368
665272
48933
854288
362129
427613
930946
665548
636873
114329
260982
177635
872514
688258
34826
443898
1036533
36706
255285
262558
24889
374967
171110
761279
987721
865119
979138
881701
299770
392283
528932
952576
360078
58601
260884
374076
39467
878335
748066
583184
79274
435738
446347
578726
569861
118376
821288
901014
1026603
778328
350643
359802
335358
637849
1030216
153113
672984
191063
55144
813374
615388
493384
144599
1003745
873921
381200
1005629
706953
36159
467072
270511
896105
602166
19994
553428
1018233
1004135
290800
230060
811742
651551
599379
830840
904106
393496
110817
102455
457041
603610
936639
827393
664299
449471
512830
259390
115165
681299
1080203
32546
34226
980317
9759
170317
266383
169656
507114
895764
99486
1049659
479042
907879
152728
254146
300198
696511
676658
784112
631477
140782
883767
501299
1042942
460404
139927
620585
1013060
919253
1043407
707847
500944
489963
879149
613268
31896
430138
1022027
438807
497912
513222
833597
174436
718272
401891
961644
400926
608760
693099
499205
1048464
870449
780725
186877
386903
475845
839268
665036
153620
991090
373460
127373
158960
863208
694496
542053
925007
1019612
700908
125033
839263
967886
697902
107333
158787
31435
48185
606750
942650
919766
148346
697103
1081529
337654
828644
927017
158240
47181
644000
119100
400300
145929
88991
676987
861621
630425
220081
721507
928647
598181
138203
283864
942614
165949
692235
610378
858347
180531
1026298
984592
60662
804757
162295
635507
988558
881220
205019
203313
1006263
181057
1039280
144300
485653
37643
266386
610765
357165
1065493
747443
656993
1004573
296785
981878
175969
407274
414084
883855
947108
524019
630416
994862
383868
224265
196915
47978
848549
363623
616147
156321
1020265
543201
439029
1066759
570840
742988
595342
291656
288110
245807
110467
799527
1091222
799106
806158
632689
166892
776054
50683
908983
810843
127393
847628
697796
454582
570183
162866
426986
213181
856761
819322
989825
31241
756313
471063
90576
609452
770228
220244
859350
724679
403323
567948
1006513
1004646
965765
184351
907080
184207
927304
667637
20189
208839
458315
127151
36399
269048
91793
927541
747323
294386
309425
950637
697119
981666
760667
583533
1086104
294393
873579
784612
266676
1019026
299968
866119
193699
155112
917278
601491
893623
953140
81209
637327
1061593
239141
39217
355301
574882
301915
964618
969277
769498
161729
523963
460879
428869
1001274
139010
260391
1025046
848970
590481
805667
398684
509413
548707
171019
521620
489924
141762
128332
714584
646795
600245
843309
1082649
439418
440064
751085
629191
457832
61378
233171
544322
849278
228717
701678
408750
734883
467132
158184
85613
318397
871927
387361
42603
140359
989165
964422
859724
506728
613937
293753
7817
1014314
372468
809713
607109
704586
102663
1069296
644347
115640
539826
604786
746158
1081646
636987
1008806
224613
687954
83571
141846
20994
500409
887391
729142
202635
98858
184009
531351
702927
4940
746455
564958
450243
581599
318819
237660
1080510
229133
1060291
1070490
791763
1051492
197030
565886
1081196
738524
957032
32680
781856
772496
747895
514589
41882
534513
1014729
230026
392400
860672
105442
441412
805230
1014411
158147
2286
1146
16542
1065683
900900
781943
887772
262838
283069
257628
384800
763612
164363
581365
691696
892389
537618
962898
548387
654560
791668
585127
1062978
1013210
409782
57716
861323
1000155
262343
758377
262973
419486
779022
314453
747153
898001
196158
564188
628962
753576
135543
926000
930791
1038178
512895
30175
367190
900733
926934
29705
711655
474828
288966
525513
1041094
265091
652855
433317
167712
916718
950187
753096
464860
831226
778698
689583
1061134
612458
1020261
987703
368886
444814
1084950
734801
1027235
1085059
712078
458264
391135
873090
962485
574146
711410
572233
24221
276933
841040
490527
166701
803082
184213
925756
653964
236597
21365
555239
327166
778854
568274
808822
97377
848313
1086409
56820
504175
960552
423155
598453
641320
167994
188349
416130
115327
145676
439335
179054
357313
493982
1084916
682855
228055
844277
621053
574683
140318
788746
310291
169186
1089767
93766
512947
77587
336463
831161
908205
268778
632378
736705
466703
816817
780111
944106
570879
309885
671745
213639
1034573
988324
59402
112591
64495
748759
659750
34190
712198
525260
570453
91420
624072
1007488
1012057
366112
890928
771208
288789
126326
91533
151700
728327
1025305
914955
299206
1065301
182014
305270
790991
1013101
210474
898212
850661
312707
412241
204456
921524
953860
290228
910635
90831
324289
1046280
596180
828346
753171
528011
59815
249008
989936
549700
340719
260885
410009
759409
165360
118635
561888
991031
811340
81673
903557
191528
558566
453470
533439
62670
936074
469563
583917
336824
743158
465572
538200
314150
321495
342169
223831
1064319
791824
228716
253371
915710
205264
1017971
94792
1045687
336250
531611
174949
1022
560391
713186
304688
1008143
118274
827185
848061
605836
814728
855618
920379
496712
588547
472522
723079
490919
778525
281679
3636
474839
1078935
36111
675916
264139
33554
681311
34783
231019
594281
508453
9085
950994
263979
706782
741405
737164
29667
718943
366280
948429
610405
382068
857014
875033
888197
622029
842746
551974
501351
193650
409204
864419
495723
873701
387617
4613
371322
636853
658402
163833
956748
893560
194732
969130
445566
815855
725218
321122
386785
870337
243647
589565
613336
972299
702811
80147
272215
780331
546038
695808
325951
315322
109549
469844
808834
236331
522791
931194
945315
541117
235452
353642
535916
409912
588424
234507
317106
434574
392389
1013815
401357
375349
201188
642787
159217
792079
753762
1055549
197759
834784
218052
967631
409799
726951
268568
41453
608441
347826
644643
154471
544033
859025
204741
137479
113898
6620
480259
1072260
985979
936207
301453
467318
53630
926215
611817
729731
839617
694885
656447
370586
916435
1069979
395459
829120
570179
282846
45535
418021
747711
789433
692497
434916
393323
608222
570127
503549
645916
253884
247506
221525
676621
982371
629527
164367
907216
736306
204536
573534
123547
102451
1076356
1065476
708974
230951
1010119
32654
914607
593268
867936
581969
753770
436525
717661
986737
990780
526225
57863
608476
79324
306006
1079533
102637
896568
438072
400131
598363
140026
808624
843261
76494
7906
864995
975859
993623
1046713
939101
429436
868885
964597
360970
266955
883430
851241
193340
1005247
847015
388477
805549
337172
88949
571377
859765
1005061
462213
512141
386168
537662
136685
558836
1008442
170740
612601
180977
889305
771822
826227
249588
161017
85480
543856
743913
194326
268067
486974
889458
63006
893656
308567
717767
999882
88607
979
719086
977014
767809
794462
885616
765551
548520
600679
818593
217464
900297
511338
322937
553952
321431
1016400
434823
218961
161189
346136
122111
667535
301985
814204
1008319
479881
308861
351009
10154
256190
515807
112740
822564
1003703
736902
422270
631284
261153
280612
457272
991756
708247
15837
950790
818888
530089
491784
741737
606826
663927
475174
102884
322961
985174
229474
975013
341926
824140
616089
852316
1063799
193644
160596
891034
40647
117902
633176
374458
772950
247645
892313
721337
755618
473390
761046
94510
669697
205347
554187
674358
93467
814996
660691
727373
822623
891388
892116
524712
729918
585988
766753
991844
431431
942001
693452
312099
966068
706509
851597
503381
806515
831582
345334
540976
524910
591372
665343
567698
420300
925731
806978
626312
163976
766662
32686
68224
252648
355200
201558
419698
749693
223672
360187
472194
104789
199287
1073573
883120
713855
97096
451398
532515
581675
958490
265913
510445
19927
629816
317484
33522
199248
634234
194998
459727
1040909
213104
977584
217635
539116
161652
879595
58879
256724
650203
83430
60619
83617
207397
327932
776473
511531
278088
179751
377485
359076
1064090
860454
162496
888661
777466
289556
1080745
909552
887865
965892
444410
249863
1011594
1048902
523855
882691
490428
479746
504068
409671
4586
1070344
849673
802706
484823
151396
9037
592261
173175
854241
497633
721432
103993
476416
580194
794273
404077
722097
1065713
1013499
119504
102867
222238
132797
106741
200405
297768
648093
1077683
230179
662239
271322
913006
1037771
213346
687183
505614
424764
129597
35484
109496
80184
582848
681125
749636
167058
234665
55552
810877
378292
641027
594147
477256
729049
278454
334386
783830
222300
397121
641329
754532
846765
677594
226892
129662
685794
72982
711646
997769
1003044
484473
134319
961158
1083248
332063
805162
289722
656275
189135
966810
249556
737799
260889
924684
631571
247722
489839
21897
707144
173426
73603
139765
553025
1077940
584381
441281
464981
430010
354558
106932
245020
234983
1750
1051847
926666
948838
1051265
360542
924937
1024475
699633
1025772
1075665
663244
903114
158005
905957
676076
48943
380652
382041
250575
666575
57122
234776
466213
567455
976883
924119
292950
297835
919184
150100
656421
815537
55339
1003860
1079476
674407
180006
96844
908942
307044
665123
396361
401769
339042
863003
1058516
946574
1066693
716075
299192
1008856
329609
1021440
737879
483907
140373
361670
959021
682807
578398
794345
633735
835853
985780
63085
673254
829236
297261
306058
684800
592946
561901
474924
992152
685496
406387
551040
1084811
315609
693694
397145
269039
152844
1024121
550058
500556
838459
220174
649746
133299
81004
555303
292013
953259
119105
2955
177025
197601
956997
370655
693413
263179
176478
973241
96339
90648
666161
1055069
953523
854686
920836
37458
193909
587922
464460
853596
654139
677978
945835
1074273
1048949
349236
881529
597437
798098
142580
763538
693
896641
639255
1018738
739022
1045254
31612
971536
341087
665201
103068
399360
926449
819930
470180
215634
320429
330456
1016862
613436
690925
544141
116977
857789
271176
282430
1020386
688211
260857
143235
608598
278659
511806
442576
512344
516783
1002633
791017
705868
297421
741763
122122
402276
843521
33019
1054353
409025
152411
482454
547417
796620
1078619
213948
724522
879254
197020
62927
78106
775068
286467
586661
664440
439727
106117
1073304
911619
276662
678926
755933
12014
800777
6180
482811
350378
1073423
28643
771034
724647
1013440
783867
162320
783659
232314
302669
708532
800572
1056510
804328
566813
216059
580454
797509
609628
745600
769381
726367
30011
1089071
747492
23086
1031204
650348
806470
993200
982105
520373
851948
291626
643219
700297
868582
143698
344120
715207
745302
380195
258261
856455
305788
809579
454262
46952
70121
1055238
809207
1003454
1072378
861069
448758
20155
757922
806939
266157
699326
1047957
700116
869622
396590
171313
194886
602182
315950
536029
162902
206961
580380
450165
812762
561986
339711
971859
485174
982894
1010765
173743
736184
492617
447128
389438
753643
785187
876652
143694
663392
551879
981577
836394
767211
617862
428562
461658
667484
154985
5778
1090789
397861
98036
316584
723357
199779
106685
189908
282460
796520
618109
872483
298054
929410
227116
270038
773312
563746
107785
796391
743124
691052
1063896
973067
482308
816063
235500
345129
385633
1022666
85859
1041235
345709
770376
974919
741397
896993
924652
399645
840
872370
862447
74585
629153
374957
839310
475864
1049848
1061792
5632
692662
884985
208856
825146
1038253
576841
934481
573995
191043
932876
502893
954047
784681
339420
769360
319928
884666
21514
939899
449651
925978
880781
521302
463135
414981
34660
244090
425624
889275
166615
673057
206481
185133
584808
548979
961194
639824
31074
728936
609040
287291
102015
550093
801618
783816
337676
545238
276027
1063951
189757
855153
537023
720237
552687
903873
373422
1033101
1000261
1086340
989809
1034675
595386
120305
524690
520595
708210
1033566
547746
979020
542189
12055
100785
476722
757463
873671
994708
971505
798353
529220
974486
1031406
442454
477397
1036964
375853
87887
329044
856543
422367
558122
597661
816969
26086
1070659
348039
887031
180487
655237
132433
956854
1061544
563432
1009231
544055
864955
1021912
253283
244050
239275
489498
321742
360879
404004
887377
170647
510257
188255
530208
47501
1077973
281147
32038
787415
889806
1022703
80663
143265
921319
899925
248646
1067133
221673
197580
180992
611278
508137
903528
422984
423626
506762
751977
214761
855113
383119
120533
74048
617571
146124
74751
639532
727926
257527
611845
677342
300372
960012
260560
977128
994636
895680
337769
837544
23348
426210
737155
36062
273864
116784
570708
413020
417209
397366
507983
219834
308156
774283
363994
585883
829217
149840
952735
1085869
64391
22490
208143
554034
182401
139073
907716
753000
42880
312056
945210
825395
419989
868330
552666
998049
162647
601440
15921
233128
752179
395746
532103
165154
534395
993347
174898
261580
147663
158461
825100
1075409
350706
382321
704479
161019
124733
627547
488730
698912
242818
625978
1022924
357350
59550
965212
545225
718928
998510
916959
930068
1070753
621570
492079
697934
427348
676267
445790
901622
341507
278780
544983
776395
802191
625521
360718
767577
211044
739232
804424
927132
392819
1060495
111263
670405
675973
361505
870527
305287
215590
236024
166380
805697
423003
730988
644067
753102
347954
1023176
907212
288194
289467
531391
319637
516957
641886
958491
633404
672246
459585
654957
783075
37841
93821
859658
779664
1029850
292444
466224
388319
594554
346213
908547
160782
132081
229441
753988
561387
914098
912151
234928
740128
872196
693049
300414
1038107
683780
241910
680747
164724
388209
1022131
762956
996677
332040
608922
945755
1013367
246253
106750
678603
209268
225958
534550
548846
985234
818824
260335
763739
380470
549471
635118
545704
126515
532986
708249
85288
72246
193522
195181
761458
595365
141168
506919
274751
873208
593073
951087
343537
841170
834229
201045
557969
248514
516780
380318
564660
183596
672105
904787
459615
1006836
564956
801777
517884
70625
364750
196517
739356
329998
1045906
469879
939490
733212
224999
166539
1075833
129234
987811
232359
718965
1068813
522114
617951
796732
51306
80954
619558
1019447
811307
532266
810388
570768
593047
963410
195451
767337
761880
694857
731786
953141
1080007
999719
388250
143178
982582
866808
968514
881251
645488
483309
498045
14392
337373
573471
88451
223456
184346
674120
382149
462925
488088
225596
229930
904648
1069345
648872
686086
20660
212224
125272
354344
919228
958424
1023669
798698
741646
514644
65630
892265
685616
341825
150545
586679
165076
401004
974107
932022
122273
785798
235093
862368
630126
980456
1042132
124795
134426
453023
538359
136987
918108
810381
398510
879317
246502
201269
157287
747774
841743
669466
861131
63837
613321
1046548
437476
469380
857906
971177
991773
568670
427472
313476
479026
571703
656964
43564
652261
159165
682321
581540
747144
258130
980840
642712
1092283
624628
975639
816238
627518
769732
342501
900579
688738
356318
1092705
568052
618448
132875
422302
205038
959768
64763
840791
526879
48617
950776
115729
698904
285385
711017
1020770
184979
654525
517853
77288
663514
160429
429758
508202
986886
555951
735286
787109
657283
808028
213945
213910
480039
42205
62183
682166
678563
214777
672088
702843
784350
268719
627531
631832
18353
328647
490515
422995
125664
547156
572365
1076255
148914
313119
531099
392520
1016663
225491
589677
81403
75114
825917
698456
113345
370475
709660
465609
370641
499248
618300
279294
855409
549466
89144
533895
878855
694045
1021110
535793
940546
567149
140177
671799
606685
212222
117513
468164
274716
7589
650899
43633
496801
934870
955442
1009397
754682
1069148
644792
1069007
33084
239474
461527
285250
363815
1084718
444172
471747
297101
589309
1092257
645926
453504
344310
577089
164645
515881
676934
1012004
446399
853228
199996
696676
1060243
291326
1057881
172952
494921
821177
796805
153130
1076204
865938
752596
1023902
403487
714351
558730
139481
360694
338229
1049532
659825
747845
550334
617188
1085987
115669
372018
187564
660264
87544
87509
26362
238577
18036
628758
490897
423327
253605
854838
999769
978318
655193
149417
880540
886259
65624
213650
964961
744745
103796
43003
461852
1434
534416
845025
95055
119300
1023277
438582
839127
390181
842786
904547
1041933
440481
522376
214214
817377
130660
976916
1044199
768585
94900
806011
930569
894395
589328
20259
550786
1046812
167547
121019
785873
728260
322063
728594
788904
614544
94859
1020793
14994
1076276
39274
415206
150135
214248
503765
150190
326423
533527
935323
931169
132200
840042
438722
638892
547146
996580
510099
959394
15370
335960
41149
191615
554173
642017
154086
22504
1026322
845487
414275
110172
401038
828714
144670
469842
553832
153064
675903
101956
411828
106095
855919
887142
940340
773581
456385
836783
974988
797000
988859
231224
901519
210653
325676
380611
310159
530009
135186
568261
308240
913329
280403
307637
796387
204135
947203
366443
1045107
756530
524522
153883
329963
358800
718812
139061
277869
789944
96308
494236
940239
993662
7675
833059
767463
911384
487298
1059869
702164
109620
332430
481634
203659
850325
234206
255791
374302
1058529
810525
346112
680936
80671
75555
303213
160286
643038
266956
409039
787778
281950
107080
413979
203485
169548
728247
163977
370285
233203
972453
494916
1042226
948333
509764
666538
326738
114432
964234
451035
950769
227432
729490
1080964
895394
663552
603798
529500
860094
424426
568746
62279
588689
351952
732666
35171
628975
335077
687352
770616
174073
803420
847173
124704
880732
413816
123688
875885
1075842
1030485
184549
1048805
1085128
1083498
490739
39791
351751
467207
836041
15534
933796
550897
201095
692425
25157
677353
814374
837472
608374
935709
709702
498328
135289
479481
184435
140702
455529
1033316
256671
428265
956957
1059349
211916
688108
371512
738174
435170
345693
1021520
678912
492974
558287
709604
638696
85500
169430
599609
285390
213762
575329
251904
212384
880143
1068589
1072545
493667
913803
753583
717573
825027
239039
703990
327295
859661
555496
713857
941341
433963
912475
202623
345829
606248
740521
876666
1054095
734192
78085
918771
708049
812523
145736
487408
178299
1050873
406913
629173
847002
289978
272730
1069245
228331
912803
21170
759450
141880
17148
435920
173705
1090945
475724
725686
93434
274860
883579
270147
753808
987092
466921
167725
1072186
35025
141485
677549
777292
717123
673007
399089
682958
796063
636830
828883
1023715
977683
54891
176405
292104
595766
489388
115752
760167
394574
512546
409079
173839
262531
652857
589196
1025145
393758
908605
944036
708816
1011197
453368
344649
139618
840021
965894
427640
192047
763708
1088635
635175
709558
868062
146557
686599
160014
264553
55606
243343
786170
840415
79916
1058026
627741
371674
524058
398460
799463
559148
723413
895129
520354
890784
628832
72709
30871
1064344
593639
544865
175192
455229
794659
426397
563160
1065723
245649
601389
679936
787370
794815
503221
749464
358584
635247
277461
713971
634346
943764
318290
493950
117254
779778
877956
979738
711453
576362
502973
373615
223390
930062
64240
463040
504672
212833
580075
748938
133095
436101
645481
972777
506075
799529
897069
466575
916215
159245
803311
1044070
556978
97012
329400
259114
1028300
964832
948980
646839
94959
1031108
275347
251917
484590
716303
148533
436787
1047400
119051
690790
480325
458881
1061456
1038276
812439
49606
519596
699257
821478
1034817
495497
1059622
723389
5489
515914
693685
115980
129970
629640
630208
343457
217257
47392
198681
273541
6161
1009141
916714
997047
810325
318234
335001
582299
615044
97880
812572
105544
835388
933382
561413
133660
881274
295943
1052471
1086127
157540
475105
795109
741701
752309
479757
243389
222189
951682
39088
917184
1061953
852228
403594
428108
1069177
1062330
442646
11461
349494
330177
206988
64888
647425
47196
606336
687092
12609
65705
909603
447981
386358
211780
235523
836949
578368
181884
252999
855286
330672
619169
815523
429999
1057461
911737
841807
613795
295695
666999
942392
541825
428950
31813
539451
746521
774219
831770
870551
683607
394009
716532
420529
1092530
200559
192934
191703
678138
775308
488515
231346
804801
932554
1026163
1006258
850465
771599
29474
977185
457648
268287
754747
502790
661966
308052
271014
508992
152097
96259
821472
137984
254066
426867
433003
798174
41469
780310
774897
851471
24939
1060238
54693
962067
475385
35195
193759
92657
404641
940949
104311
471841
533600
412404
189316
765585
233045
522171
488648
505178
166723
814769
949203
181565
735484
653483
577127
722532
794971
122392
212176
898650
19315
1028025
952065
19556
1001049
134918
9797
37071
648029
685511
908082
445674
308580
506143
1000599
625726
1037544
1064494
548065
988701
923286
62212
991141
519734
289862
621230
633073
1026579
46275
788632
234742
548204
210527
335676
820311
820194
493425
269118
252666
520652
797088
82325
189981
712232
501385
46517
818006
27754
168561
295218
433938
723473
195025
1075521
92469
155699
1017211
1087876
795284
180436
70472
61636
932857
338208
572347
89423
733176
402580
751489
207044
467446
316974
868435
986645
922215
854696
1046349
1030932
987820
675860
398274
59677
482099
475466
894054
355654
773660
463700
326775
376781
663543
377070
717963
713876
783993
534949
244431
731106
43030
931357
367883
765241
96188
315830
523799
208925
95026
919206
743558
240890
430651
899537
852669
1044431
256626
465969
486525
1045609
78592
208247
1045856
990690
1050105
365404
166337
427576
746171
316663
535457
103517
161099
209543
45814
956183
981898
859159
791073
360672
132702
466684
10096
410041
653426
983509
120757
169620
621718
236058
208726
283227
1045560
735486
799507
640213
753514
1064135
292604
593070
622987
419897
32097
258170
413724
898631
1022678
606282
479317
6098
368879
708367
938065
198035
511426
99641
1088691
1012447
875917
933273
903938
558202
513575
325000
594010
464751
165808
788017
549554
127334
970426
150275
59301
228625
749756
830962
605229
350051
1009685
784981
841751
1085611
73229
346904
927342
259186
927995
905803
483618
285483
228469
60835
722536
436058
23315
945486
780941
83496
177269
750068
182779
1081620
272030
1029324
301804
803862
52333
700228
679538
968749
66134
533936
328711
864623
1013854
121705
104468
1085017
342959
411112
1091454
786819
304509
431740
576541
681102
603712
117185
572516
814243
833747
371978
147558
1079946
573892
681930
72703
55867
251139
505377
991011
252416
568461
54612
582155
1014452
871992
567232
312599
357301
199416
550837
988164
923474
605435
849663
93145
442905
904569
805280
456067
45811
289718
528662
420062
299127
438816
35738
163628
590261
690054
472820
809824
213016
655955
656629
224689
799227
627483
512134
927505
503797
789294
876421
62830
807251
619061
90406
76827
136696
143981
393666
857598
938777
706832
588802
54104
403628
189218
1079928
292469
143891
952118
81443
948409
131376
74430
151605
111591
660958
719945
184854
957457
456375
712756
888160
178235
167612
953827
16531
767228
907987
103022
366267
835830
433332
1058237
504236
799689
573347
671973
942346
45062
1035650
574894
157740
609216
695079
113156
883948
122593
461333
797629
227662
677054
15128
228091
975745
895888
355765
782007
596848
261696
363729
510962
791080
700282
1012576
189159
153434
256778
104298
978769
569977
453954
724720
987083
970227
480648
1003277
249587
613526
850502
580530
294648
587631
612211
939028
823384
753849
6411
448033
537907
266313
577715
243411
277351
1072414
814428
632024
1000928
601112
618509
446502
805640
333050
32889
920212
802760
754725
231299
319407
7913
297484
91874
851042
462882
427415
542687
332495
752423
234010
676191
415939
712182
390384
213316
828821
28715
208203
450705
363615
451975
965809
1089762
49566
754097
872200
154945
1008036
122967
363307
712537
284895
629452
757611
81607
440839
42534
998660
669558
903126
444850
848393
268702
227555
568864
183125
140364
196573
706353
365402
76794
180843
818037
567553
549674
249722
567584
738905
284776
932993
1056912
214450
700299
1042695
880080
242248
1047286
409155
169333
50972
643517
756790
521719
897964
280699
297053
928050
434169
479328
78177
174858
595204
466872
975098
84622
966320
949400
507625
1079776
184895
812542
945385
603408
769728
157674
861052
892230
686863
879380
629626
294114
153653
731201
576689
982488
650486
272701
895733
698803
559265
156053
378205
38324
290897
922680
443168
163817
482703
108820
824827
236008
838975
267359
257656
592671
158192
1017636
293309
922247
334895
832155
440648
875569
1028391
274447
686369
200154
983857
371069
462981
961905
530227
1019880
121124
521111
804977
376531
574493
816403
742990
710589
693433
471136
200202
772964
717762
965719
144200
1033895
438209
323264
277152
546508
809775
955204
823925
579285
620593
179442
798562
709357
234162
731839
501468
762900
505259
244225
940412
60968
817518
319339
1064176
157383
213464
202608
348307
993996
1092377
1022278
177190
505663
345329
839267
120777
342297
237737
646060
774487
567564
258098
332202
794661
571499
398194
1029323
278064
514685
498691
948786
487076
675872
23275
641026
903196
509851
146559
1014855
297495
395093
482813
729402
1044225
1041980
734468
1057512
370944
490170
534545
286954
20483
341960
36362
13630
417147
365344
42381
273527
121386
606027
736361
734650
593238
824339
214576
349936
182471
746772
818861
24072
478522
102497
574313
84631
304876
351329
348481
668645
95047
80125
1000331
239573
713651
566707
57535
1006186
559295
740515
370827
313380
555452
875490
1027814
165271
687835
212675
912951
45854
688780
743681
1069392
410932
589527
314393
446088
854155
464268
861192
150588
559713
441792
359041
934315
11984
296912
176138
586789
139584
346042
706358
895210
400179
905363
107362
684773
824276
818101
583667
746705
647321
135276
1089268
325841
185301
577493
329070
660498
609972
820084
1089489
494290
192411
966359
495372
848524
957169
98531
433361
416730
923775
765086
647260
990562
819389
446813
677021
219222
599002
130293
578949
948694
414269
630116
575327
682451
256364
468321
689810
438249
982323
286668
984185
460484
847539
353116
860693
927070
544364
505126
182078
593137
540050
1086391
865027
1036494
99994
898234
33647
1061000
38517
440898
5203
961384
614412
647656
249138
780076
688830
21280
40694
402030
106548
414811
808280
969679
498496
23255
1070174
349399
918690
859655
1053899
989500
916690
602092
34818
244800
1081508
578954
641101
614942
220940
975
332028
6758
932259
185049
919753
259699
1009181
939436
314121
40035
376240
434317
461575
993661
460965
442094
13005
348890
989855
611640
158692
321876
728904
1017101
840158
802899
1042090
303538
870148
103177
569154
526118
202697
288421
290819
621738
784023
962028
158360
1066124
211966
489417
1025317
556798
265150
378035
92975
664738
247900
682816
410778
734407
849800
887602
228038
584744
268701
1092394
683365
567004
643040
1011874
523576
308131
536284
52392
917370
283709
424153
39904
837330
87116
915632
287746
33751
620494
890345
441977
134617
357854
92611
718271
250709
872740
47235
1544
575620
290850
624378
170888
949722
789875
1091690
1000592
912285
206407
333859
133076
214542
163736
877821
763113
1086832
945286
135151
520536
610015
197155
1052191
944280
607430
723270
72284
682552
634541
8245
753486
889873
143000
395053
1077263
89398
684358
96722
943502
921425
107744
479665
379635
739926
344225
47439
804991
954929
861427
239548
813577
541530
234783
949164
365956
665302
730502
345307
969945
43417
1069803
1002331
264614
158492
906093
100584
1088288
562857
872939
408455
201089
943860
449097
936808
408817
1068128
771107
93930
19037
691824
84720
645700
882357
96429
292309
329502
287383
199201
958257
325601
1082738
625412
461948
570312
836762
499850
764866
805568
635220
504619
511030
1053249
415354
762335
914208
544162
990583
70644
68690
360822
241883
729657
940062
494535
113145
614052
1074297
887221
1048766
628595
576223
882747
917957
282043
119757
690473
995564
738059
911621
324803
289536
567273
516480
99461
882889
69911
464610
607826
939372
673886
207667
706816
692379
314828
450134
464977
20514
851964
26360
215628
670074
926137
541745
1050551
821381
975966
497710
143719
587155
112450
387539
240677
624268
488511
279439
122018
175164
210059
841197
1034442
261207
134085
969320
916124
29280
180002
197456
861818
118599
805480
102697
14750
157482
796633
357148
252006
1004366
372861
844735
396000
623109
852862
70822
361980
567044
408075
344822
1008163
68829
466484
610777
749410
40140
530272
441507
220031
572223
775049
935639
567028
193329
690064
675793
124670
446460
409307
439446
661580
251130
717892
138519
652265
22296
941768
801517
1072192
770763
780636
252683
399946
844593
529909
898216
680037
211339
774431
186983
542912
354311
1250
979783
607884
381497
1051725
899035
219878
237328
680712
413347
147143
681392
698403
685780
497036
549255
204745
748414
621311
638602
1055974
39655
1077359
620987
38286
758498
357047
324607
554539
454815
633782
825142
400983
218570
1080224
383600
771075
845075
666277
440615
998023
253092
11622
533071
972362
142068
567615
137637
278660
1085476
672695
73598
270750
346159
119632
973947
901606
726475
820851
1020616
858734
322303
691008
164158
1013749
913264
607124
494065
539543
962431
154619
619340
1024162
417195
860418
454857
46450
102327
764380
336655
959898
204595
1037902
521991
348120
1088303
817878
171312
544235
639854
392236
158539
207506
596743
47207
457321
816841
791715
888900
659161
311993
1025464
346140
871384
990971
363786
29353
417411
1075097
70087
326374
149312
327384
34601
765887
558917
524554
613372
659510
441225
825939
67933
116340
1077770
270657
205709
252306
310542
281591
809540
709869
344751
894751
1053651
892381
144332
990622
882789
239629
720016
1089099
959939
411123
437275
822786
60939
148921
215194
745004
90632
378321
332418
713018
657481
865044
312630
922925
768703
275969
651388
1070207
976650
200056
778286
568786
822733
287342
977025
822554
296807
895661
583355
370255
781158
648863
173992
194049
102111
979865
914846
63414
603904
594505
214819
192650
641210
1027161
944915
263086
1004149
341503
428876
819219
157860
873571
288097
13784
983633
831522
349453
729008
94990
79732
896320
681200
1043255
980851
467174
199552
801245
857859
440987
893046
57654
432012
1066157
337773
756279
42817
239452
564315
321447
671459
683049
286912
344726
878525
753439
45331
554416
1051641
776837
687765
43571
117874
196592
816169
425719
359867
117895
83697
1071625
347568
62419
337596
719739
686866
104254
28243
234924
1005342
254863
239566
31997
864381
24103
933886
635320
473737
297616
698364
298449
900432
541858
604065
835147
162036
877640
940431
68506
150272
708222
874478
234325
727173
577537
887888
424060
835876
1077163
544501
753624
722921
363970
623785
817040
950168
782501
450056
606300
56027
526036
8930
413388
523605
365567
687179
375019
467644
597814
884081
506087
646861
640134
4966
1062652
313680
288275
773761
810989
949254
312528
937176
920939
363479
461191
679353
534037
106513
68937
635974
903773
551717
634438
219630
67896
303988
80786
45325
688337
570291
961657
709839
195182
590666
579785
849358
488743
1011667
790118
88339
813650
433661
710619
944015
897002
256523
787797
117610
577678
230286
873719
560446
119304
1063106
795191
212695
933083
424228
240254
62551
424927
296681
773579
1004815
390066
682239
149018
24133
23281
43423
207010
608238
23101
357434
854327
822441
257248
910415
539194
164542
360619
528297
1087898
921625
449995
346868
566781
1023290
671947
286300
305725
723181
279261
572627
923057
278583
507836
1058987
72560
1071497
936454
1031930
861657
977596
448903
209351
25639
748265
792416
577503
873479
62580
464131
66946
34746
365786
132483
1048964
735890
824486
279360
446162
546484
667553
991797
55335
615835
387789
543059
583966
400171
397916
752467
237618
842589
45647
625687
880017
729516
95060
982700
283862
976763
319321
266399
212209
638391
880513
341824
999015
383097
222132
405606
661539
371894
230098
284534
236298
181823
671426
509808
437609
692279
191110
963238
599906
901354
499681
931917
432766
131905
1057975
693903
607906
467613
700776
298581
1056266
969764
400461
279936
455189
144210
525701
970550
528136
463469
115964
128645
1031375
553769
502926
981672
350776
391690
992922
719432
617388
424782
19251
897986
1072666
939644
988511
705773
510447
1048280
638625
364726
872810
858019
880917
683727
411611
87561
722368
452313
575056
629787
99272
100829
675828
497977
785968
1035263
178739
1024825
102693
89592
392217
619271
235918
875846
388799
348662
829976
726413
752251
878161
1006930
968753
345468
343574
782136
636098
1055039
415056
1084847
457650
241132
615147
996939
727167
549011
451157
353418
155371
553028
298517
262504
612182
191770
981230
497504
486502
377998
195251
699710
1076819
733422
527856
737941
992391
362982
503746
768968
918713
844982
1002054
278867
504550
924415
576880
833
788547
530127
744445
986155
463671
705004
510088
1074151
541208
985878
1081052
135713
955163
95800
883586
707231
678369
281923
458552
35551
890469
99049
57110
273670
465390
302179
282357
755283
4907
659518
1031157
925928
395753
309733
450111
884327
850118
364066
756477
646249
306182
587888
298927
468298
929583
717845
116561
554321
226312
557790
642090
865723
432484
193609
443863
1053032
710126
316927
716496
986996
402918
374903
695093
963058
545370
402309
604253
1043993
605107
126724
168216
478957
798546
321272
652598
161210
701767
578662
665516
85253
948189
1053320
754351
241898
677446
876603
115139
424950
303191
292924
1087463
221241
726992
952595
409196
589180
484747
516040
4318
931866
178104
414348
932731
403369
622797
398654
109102
935056
706071
588186
356710
204564
139547
932067
521368
983917
1034543
403191
1010237
5198
595911
872094
1036992
58133
834944
389219
523780
972106
94303
791222
864573
647852
878523
76646
701246
273955
96112
403299
156454
22844
302966
465189
405441
467577
450478
594004
784592
143518
115169
780172
1005079
257008
248385
670753
1050826
243182
921894
256989
908559
1003104
167206
807661
451285
108328
796912
788613
910628
709173
291741
42884
208727
760138
805768
273313
926371
729919
613158
569913
971422
70249
928397
201367
821701
678251
767374
903588
357124
249412
37691
783922
884883
388212
448794
89316
424835
351391
165657
917461
480980
69104
187494
461317
11173
596004
21844
977985
867786
511809
923614
1026839
757725
302293
680251
860940
448663
597047
982953
64510
852301
84141
405087
447507
148193
781698
790680
456752
899641
545631
515656
335355
1012122
209344
473801
634891
144357
335986
29657
940885
387214
24004
269495
352535
36881
457299
806852
663387
1064041
938024
825009
525726
261555
867166
784122
588750
651130
445891
658767
1023029
1031561
828316
671077
790755
100566
799721
1032950
617633
789356
1005967
747591
807542
976702
448961
764087
568526
934573
6437
534956
760058
848024
862358
552218
222574
731088
731678
152085
590494
1055842
596241
388086
557148
164717
116541
744976
721717
434657
719974
119113
8548
258258
507404
674757
681343
641415
332822
471147
84629
408354
824520
630406
304641
734132
42128
187999
40886
1017528
723837
72599
876015
985064
38989
332
28708
509933
468107
258632
352590
469508
849855
696008
882737
477016
811337
514522
360682
626176
232868
390521
763979
830845
818603
340203
1009522
158015
1022316
656700
774240
78623
73778
570964
1092271
682619
802915
954540
295262
956890
552760
809980
206151
896361
508635
946817
163859
106335
217135
704040
500684
167531
435562
528895
720072
281552
846594
639244
216954
828196
1049441
426754
876300
599858
126209
127101
176079
235728
885306
817055
982968
330677
162408
850208
274131
339260
778762
528151
808247
262400
277069
564335
896084
607178
148575
718295
35001
986451
586278
760078
251978
139257
242541
215440
151726
961871
781240
767957
358024
976988
185594
25744
139564
219124
3832
291083
757850
516828
156676
1013373
646648
168454
116578
474628
431744
168071
64457
475716
942295
452360
802586
608307
766102
234273
889784
728197
797494
296905
611693
598241
829745
542414
252220
925905
113280
480901
997742
180196
601233
150913
975867
383449
179625
824918
1030329
923668
152585
199401
340338
355114
806613
841399
30980
427233
998717
320509
4034
461594
97632
365877
965079
56959
869005
1037222
353222
508225
769547
534201
615429
597928
735178
928020
275613
296642
128651
952618
396091
397653
732663
926124
161352
275383
952668
879506
601659
196777
290294
599835
835234
862283
1003574
994926
393260
352773
615573
926479
140291
463856
925613
915317
949721
111769
693003
431664
898413
424825
796584
740061
717397
769488
357090
941370
49272
872012
107446
48993
752021
1073756
172760
487473
942606
937512
718567
465064
424587
883212
547819
904416
570788
556941
630201
895935
32145
612070
283318
658062
387445
900764
968286
278687
2697
49538
548416
609270
765152
467670
550378
1070098
858759
929999
1035071
484727
49145
783978
876417
492941
866666
945330
367581
870354
824802
812109
832149
810542
197907
645738
368005
163319
185560
142231
253104
113101
967347
385919
464090
574802
156757
906967
705359
215204
930126
438187
289240
784034
976896
145751
698271
683843
542263
290529
842026
48848
166578
830526
122312
604877
134372
74466
860990
530873
791163
364240
1000421
781136
849597
870469
916756
744572
808860
38006
69888
561446
764031
492578
200249
53581
544598
631222
765988
819746
31363
678967
64531
941634
115626
563282
136804
268359
775990
712535
440304
873083
276518
951931
182065
755837
278233
24256
22724
450427
266402
1078228
369548
920784
9096
228444
717117
4361
328625
538894
973859
442449
186475
224546
357390
553151
245526
575012
325694
913857
195093
777587
1012080
123842
848198
657099
671427
679499
308946
827657
863186
892323
551527
992566
488020
68383
696868
1009512
215879
778732
157829
687107
716785
894304
915037
284521
431860
108419
855883
672965
343938
17131
73506
257374
188831
981894
448960
235819
657480
384078
91165
198996
216997
926827
467331
186691
571386
123585
805213
731349
909023
1001897
67075
792208
293323
1013422
512846
858693
480304
416028
273327
699031
841829
60410
148087
549941
531
1056428
447399
22725
987433
640610
776047
857938
100576
1009945
161085
173691
1059495
915389
595463
707012
712186
303790
595856
121343
957678
1004152
876605
284828
477431
174721
335705
843370
51294
478203
187615
199018
354025
625092
1081720
660680
898723
225322
51409
696489
647675
850193
237692
747758
305078
1037187
15085
4183
220916
1064340
173568
179571
951583
852807
811693
650414
660933
314182
424467
704012
470153
129965
735701
949240
332123
487382
955155
856781
688648
507687
860096
381379
63512
1016820
734990
998068
124996
868323
138596
254261
722179
115894
460893
50410
444591
326964
156298
47789
240241
606620
690956
641028
1028564
77886
837025
218657
1047325
315209
785976
326518
1088950
688488
270144
914633
608030
283851
1080040
974035
857128
1072105
94182
1058381
210679
1058432
577586
343078
739187
993108
940376
852039
716194
834713
908276
344430
296037
529775
858012
789351
819672
504810
767427
661783
506686
396047
224250
768109
1054498
270293
33886
1018010
366936
522302
920000
314777
766734
170563
509097
834608
828744
200401
544097
1058218
685280
223607
244199
143134
454632
768527
796713
230423
388559
322028
892203
545005
835963
645221
336821
736076
724956
523677
782139
710946
428860
902869
765380
750976
762231
444400
134512
929382
954680
510211
167526
526304
983402
620608
110378
176855
228844
10989
907786
732528
537758
1072920
557208
454823
89485
167395
606324
959873
522511
952264
437355
576850
495822
995172
620482
603383
300924
401101
589320
968863
539665
402644
640144
36567
842309
793558
907242
1010421
219051
83480
725093
829208
976269
677977
298342
524915
365007
154341
55391
582753
286155
1022988
715965
119058
407758
703153
397566
701391
5399
263687
408039
505287
337678
708762
358702
814640
698231
183452
630343
568101
889997
229328
772939
100079
69099
178811
567446
244170
332972
754801
500091
980906
735221
207861
979128
896696
18227
140218
828367
297556
4087
647945
962375
676189
802302
547525
1074794
948337
983841
1000208
351928
700995
596613
508897
211818
1086701
794171
890914
315712
562668
1066886
55910
939740
806796
612328
728166
641021
631509
840407
816097
776291
307970
231169
833069
795067
1089543
269660
291792
641767
734295
1065342
23209
522762
305508
456041
590411
708662
481957
377301
791366
770194
53188
941121
495446
138457
385265
886546
881902
288225
868099
471171
800861
735142
742799
421188
248867
89129
121552
699543
203635
590818
447088
1002426
36959
207395
752300
35190
858612
230736
392750
203908
794926
862721
499272
413237
957316
889781
492793
1039673
851158
899591
261648
877162
298470
1079013
382593
804306
982995
815808
756880
518610
963557
739821
774789
888327
1394
844961
622785
41643
21556
580912
348799
1037470
1053368
831357
651748
1085390
921322
532039
991949
191775
132913
592080
857005
824858
141875
888276
174800
386906
489892
916208
228195
418839
51417
665100
714346
587369
1037228
519517
131511
955890
363581
873387
961991
731547
321178
183772
514552
859420
397764
706016
457068
685588
490090
269625
357474
270613
32044
247173
751076
1002777
360120
735412
48124
702938
264761
26409
895008
909363
37021
580206
903742
813757
423351
349303
411580
703390
56134
1085914
884559
98204
341666
300191
666013
1038306
418513
355777
554940
577365
758433
859454
309116
686105
554029
85340
293732
588226
50630
665884
918455
759146
539058
415914
366179
396720
320895
447201
477434
175395
1063642
1050701
256768
470165
1069472
801898
886616
358240
547407
883339
161284
679551
170063
639391
622292
1034236
1012451
1044986
423339
802616
172567
541012
681802
334507
692147
894035
1072204
72967
303726
539768
666646
572457
453875
853781
960217
383129
677829
564454
495349
107395
297855
287281
940842
128467
723279
253075
807456
177935
1023153
904848
218486
576269
980541
214242
542670
573724
730547
888290
169954
915309
175620
303286
806844
165015
460925
1044810
720782
902918
671462
179869
515126
834699
732211
115041
51551
1007825
1006061
572564
794389
489802
542558
420557
885293
77967
569871
905437
249132
780521
1007909
401364
880252
572857
842712
788072
152328
117223
735660
115240
691609
805297
59339
452370
391114
623690
83543
228876
74889
485666
1030070
791220
241300
753912
781898
559848
823566
640099
442116
835900
892442
104873
473924
231198
709189
572247
149613
503958
1019248
145453
650425
92338
491611
803447
78309
895448
962413
358094
394327
133247
688984
621888
559063
573881
872952
787719
414927
819332
1022923
303547
179538
253134
937539
481987
62692
731082
632019
854600
873735
134226
553668
916902
53062
753818
526944
1053943
246299
171822
1028905
638725
309280
848141
453135
968813
30578
407627
896407
389627
298167
729665
807401
469285
1039709
76651
150555
179897
168833
272813
989562
893482
280646
715125
1032121
807782
897509
334167
589730
103891
1035760
62327
162081
63701
908526
780380
1062323
517297
498155
629360
90336
26274
515658
915451
258757
23288
669936
72869
877314
810785
268256
611114
221193
851803
840767
499787
452932
420808
368596
1065302
385386
463103
803063
584141
485790
60574
691197
478970
85289
608874
662313
685628
690391
332128
830744
1079187
707694
615153
417530
316673
510466
224300
1026960
138774
701881
803879
107016
996279
526814
55043
111331
749851
404832
916877
105506
1071416
8116
788137
503169
380234
333341
417652
594210
362683
864000
876779
73583
997140
358530
651250
409369
88453
855548
503063
665394
936017
55125
492446
37748
169392
21695
423222
588695
647092
219840
204706
394738
651610
478378
1074985
867406
750573
160743
865592
328680
212740
434523
334869
599946
402229
905266
202156
1078672
807527
60181
114599
125692
347047
526543
197450
1072696
868035
955992
619438
857828
204923
750950
867257
254845
87226
214667
590062
631511
26606
367449
178178
1002329
981970
177322
424967
1023935
861041
391431
662622
337065
231828
946161
800642
271833
1079089
260733
638193
189978
263092
491214
112860
614721
467396
435742
1090975
243727
917312
648141
88829
317178
1048398
836106
655577
777895
392935
19020
956973
435235
720300
699534
127365
190193
354144
239191
351136
516746
701343
318573
168770
121499
383494
957767
601052
902110
961902
1060756
284754
339954
1031572
694001
403333
448051
99543
60284
985704
343203
107472
980707
637598
537377
448494
70093
894920
93525
23028
8436
173816
581183
971579
399282
926132
228219
504928
398457
496707
37910
1011364
673458
406094
635745
316650
564586
67494
718347
134362
367717
550045
659628
30765
976066
15113
371232
291397
234342
589850
42233
320805
392068
887690
340728
1038274
447771
67335
976186
203244
595371
1016253
433648
27459
756
1034067
376576
333205
364151
725487
551351
102233
794878
462158
606635
729299
1051106
776544
784549
416789
20200
626993
267029
391872
865198
1044316
865840
458184
945767
307515
500600
155983
836322
436582
18720
152832
597744
762735
268277
878013
763801
1015503
877447
686406
967081
1010762
685634
112618
95031
55860
302550
728790
1054167
901435
420752
597013
809681
753150
31070
577712
387534
828359
790016
125148
835537
506701
86040
306672
931146
968240
125514
474333
923800
968088
602949
344926
204050
691410
358127
682213
108229
369113
99178
624028
406193
426221
457562
202696
343694
978046
522350
17693
306078
883962
788989
585865
216419
673113
326055
368388
600311
242363
705331
530626
904054
744683
482657
87592
885053
154277
201690
488894
705503
112832
467546
843241
664405
42194
127357
402023
968705
452575
641627
803743
792816
289276
205563
875954
417212
470985
655032
114063
826628
247495
368954
296917
201185
936262
747969
835307
404787
811861
58791
312605
520207
417314
762647
816543
645958
346255
1023700
1018277
520646
924699
37045
667530
742669
146330
361941
31487
636671
675463
23097
19626
416672
218173
130527
1016227
39839
872087
203426
239375
88781
573912
1069405
170969
205777
456127
156525
562256
907147
146442
92655
607171
1004962
43313
593872
277958
808128
712138
276766
305870
800674
792192
290155
729778
563058
314569
742634
360185
712080
350443
543351
711285
943715
634929
817159
585660
993609
473759
147944
265468
926822
592262
444422
757647
728561
928581
259540
421097
507915
150036
120334
22872
755460
166745
116884
830678
379646
597473
961149
370607
617576
936596
924084
287994
361894
337791
223471
227465
832898
864869
588450
329130
1027727
433137
866249
1059251
810174
559576
527491
562566
78321
851998
869388
1086679
447901
496684
935541
678907
324680
560815
621647
747134
288683
876080
1009156
72472
603779
558343
60845
19700
264076
866220
105859
905005
173494
23273
620071
33463
463181
1002942
879257
586225
629277
536182
328116
355673
137283
398323
69265
139603
548733
270539
547946
976976
42121
915845
1026333
126637
103119
761965
261983
515661
151318
1090058
629651
216732
257891
669876
655523
662241
787926
576799
27859
690177
1056280
152259
191650
303791
856705
822746
720336
17084
58007
361467
915700
578106
715968
1049153
541993
773364
1091137
928823
725961
739002
737973
326058
924393
146193
366272
208835
562866
434948
65498
216647
959528
516227
205592
688520
1079703
826228
55299
497793
534965
766391
76649
782618
545820
956599
20168
794379
232765
604224
260773
1059483
328246
1000860
746405
177551
860497
981981
793867
507613
269044
1023156
135459
866840
887491
669047
896794
797920
4313
666761
787136
676461
343433
619380
963667
469637
994242
1047556
956390
92149
429995
934383
523250
264798
810361
107011
1065069
942450
884711
853823
1059809
176557
865695
248587
670497
599131
703378
1069944
985448
963388
836216
803576
507057
816218
630719
95802
572268
818832
730566
600844
412529
700010
971598
1044258
1011070
119911
293495
19638
715609
858303
901170
1076981
980049
704125
369058
841746
571875
907413
42693
779145
278501
1088504
745019
1063387
110971
648145
882576
60717
1036942
938522
390480
135951
857134
827982
134264
504713
338913
720617
397568
632200
818311
428124
195992
950616
251473
969987
1054662
456647
735780
70293
753087
868850
982269
414600
264947
355618
1007131
107340
1034804
991487
414196
86766
487411
1017135
997084
459508
395124
311353
196635
698030
534667
122167
266842
91463
901074
577653
431057
130230
999589
47429
913635
361589
902708
711497
550313
146196
424586
1080656
290185
924530
948690
523971
177306
570338
873806
347748
986177
1020152
461355
618880
670345
300167
76628
937369
666452
805365
112136
165492
18598
815795
703526
946321
997821
351675
70391
429722
521776
471084
215092
367929
78370
74107
923700
234942
174170
937507
164794
275718
581342
681926
897683
40820
633459
571337
235975
669205
239302
812028
168430
67555
997536
83015
589469
249150
1076581
838153
854746
317395
243770
710981
309944
365160
437230
926312
875729
860599
183741
959260
545744
7014
504948
651243
430852
462727
658615
585612
82950
556233
561668
847995
704916
565531
609121
927875
734910
54721
137091
159913
972042
1020680
360870
347142
218164
367213
1037423
450721
986510
468626
842899
947990
899909
879351
655330
331784
531860
15709
461907
435607
442970
504051
274893
874894
986509
770078
634806
261339
735227
261665
951742
119482
948621
465949
1085482
289329
773341
10524
222527
1051493
864868
891203
961938
661232
580881
239981
740060
1043409
287970
192715
339241
614638
550489
359479
996766
517668
581803
455934
678997
355617
101102
587257
383874
291880
397293
165512
783637
467794
447569
545213
244160
116652
423818
246693
926059
204912
759526
779775
840529
919701
695730
421657
83999
794479
1092381
2490
854278
150468
496341
1067048
472222
378033
242335
737578
429557
375036
53997
262002
816927
341372
291803
811957
868815
699297
897637
69579
453202
246321
631634
476594
653371
730010
493774
977954
755134
274515
1066301
304968
761192
83910
259420
592317
45111
268200
261637
533848
862837
878060
92171
328271
138646
406931
152545
563015
279633
645749
50513
412114
407058
710707
697244
600716
54297
909877
551926
446968
926652
855284
427985
657475
884467
944583
709066
151307
818965
461880
584176
885416
1060812
856106
138786
936801
20773
1071112
433151
468386
119257
1024161
543179
436254
985640
748225
873651
47241
494049
1038706
303389
880010
645190
186770
289204
606692
167933
43387
690461
610853
302167
44669
235940
445920
22996
439376
326753
278708
1016758
518937
270668
239958
101244
645799
677538
838144
1001912
344798
1014069
1080730
1011814
1062431
651690
1005352
124271
62264
898013
450028
410545
990715
752190
962967
376817
94800
950520
352910
940795
969071
372594
757637
380983
1065073
956588
667822
818500
304300
879910
643153
184208
244149
1076860
456597
445349
366044
346321
462819
242421
624798
719918
620047
17976
357530
766711
834912
446536
615812
894525
267639
493027
221058
1074707
173929
726881
554637
720573
800224
369481
1065754
515305
1049216
424421
866609
379288
857768
245635
1011916
811462
883278
588954
496558
537335
155374
74886
92945
844746
483648
601139
689162
707994
559835
538553
22137
116282
364445
64539
739094
1026162
1001175
539950
767203
539054
395412
670963
213300
939896
745446
351004
2373
260401
1060511
840118
696453
215070
965583
149334
600200
232031
917796
155968
631010
355783
851999
184468
1004576
769569
270599
3216
125932
613198
559930
926506
39960
681884
175459
239310
738816
284875
827705
251773
799005
266487
83260
381547
305460
906493
912089
250117
877518
1084392
757701
741908
499251
659678
845203
591263
798223
111208
452758
499862
379579
1025513
375201
452812
322735
884545
156411
212143
253761
1046035
155667
886456
1003159
252575
425869
894170
1029006
313103
834064
98164
715414
796459
914899
907197
480531
828375
510788
422587
691601
725570
730797
527312
835631
319979
693154
367355
354868
959579
313360
500931
118683
120101
94822
605834
350071
607028
428370
622660
950894
416062
566347
210729
650328
260571
40788
431361
189774
235169
704437
410606
524014
562303
633573
24153
511108
876264
1074169
13291
495838
652908
633899
55725
997688
583401
910399
266705
297344
684592
280717
1054930
195605
716891
316307
151386
470892
865094
161416
919422
579630
948383
602401
39266
204584
1027791
1074743
44880
377762
764663
677622
453194
289106
615646
68440
333158
981482
665235
703753
606321
623015
621146
570502
419602
300930
601586
138365
470337
264242
736891
294921
294813
393219
579961
339593
159322
79058
793116
744221
1039092
45978
463898
386472
149333
504395
202318
1054089
897262
1070732
1048086
972981
46490
1028595
172380
123698
459479
283796
1073035
190194
752032
914504
231614
37348
143474
496367
114213
470014
124982
612518
424850
905339
1033834
701179
431836
808902
909817
155086
178766
217395
922531
222983
568087
85672
993950
779760
220878
72137
125177
94836
389978
1092115
182242
389082
46882
113381
470326
740271
494151
135617
699011
229729
558414
667954
634118
421831
969965
960223
648058
494816
367719
519206
443881
218847
205727
215863
705490
328858
898285
795629
994554
1032582
353216
226639
1031793
13022
783031
100526
698256
116653
967974
347873
440493
775701
395736
239293
692082
480371
207535
990256
693110
185730
916462
273344
28908
212398
135455
374737
596644
962195
683674
1049779
843896
701492
735933
61127
931828
663812
273949
552082
830452
944993
752992
37037
457898
492220
796378
728899
24581
778857
864115
96323
255568
609303
357108
279540
801970
442488
808938
222293
443834
237772
163028
889675
548491
310803
839058
2426
1025379
37737
930533
919547
983003
383075
347920
826075
886165
669632
401256
462190
1029435
1056152
375373
779338
1037478
439479
649251
936609
407501
1021373
226062
48557
424028
685569
424902
917701
270680
269358
1085090
907565
273249
234108
324153
116829
872071
915021
214899
162666
482147
756107
701053
775115
111235
506346
549846
699010
798055
401899
964039
127105
194263
617603
1061375
272344
741631
329780
388975
1080397
885623
969351
41318
872752
970855
116937
785122
622179
1068461
887326
593548
636282
151414
923031
450215
433698
568232
113091
1083954
64077
385578
222368
1003504
298618
879533
281538
50894
562349
440999
452378
1091290
417321
909882
700420
805024
843982
698069
336634
266868
486048
975082
773089
538744
569480
221835
308767
46188
880791
178091
755015
602607
775084
957845
215709
949786
877540
274079
877912
97556
610563
763340
447746
567476
657611
324217
353983
301050
833916
210314
108521
15481
847246
584085
24236
972434
265975
609354
159794
409825
178075
427484
161330
551718
106818
546540
68448
812008
992155
420131
51510
139624
128512
1005579
524889
650790
76035
460894
645610
819597
5722
1026781
813909
534334
531903
588356
659106
393992
360014
1049005
638054
778826
732646
461680
191287
289734
5649
268032
177824
486485
789883
446643
301671
96362
408837
93304
214715
694049
1055133
808867
889128
499588
528752
1035293
456536
33964
946781
571509
919322
455625
813721
119640
209979
600910
933470
851106
870063
912740
832757
859265
454888
94714
73559
942326
1048769
205071
346938
83814
832344
980910
383269
875771
889312
223155
22042
112519
734199
814044
119534
789475
678490
53288
479129
481543
686899
547209
91386
796857
97035
885467
755678
986781
489868
423452
1059510
140296
21163
626839
837086
1064320
528070
868540
393271
301207
24837
1021151
758915
252302
900932
768208
42694
346833
409964
891146
266030
463129
1015891
541455
335699
384305
413801
203655
555533
34787
649557
890086
139023
346808
230420
513649
595793
289713
641632
848347
963367
1040775
323361
622422
246836
765471
999178
206004
702578
1002953
896137
152421
518552
536871
284198
106235
572151
992717
56528
1087275
188495
261998
886217
529874
419025
889321
805654
372624
101050
145627
8820
187972
681516
683310
162048
548596
378076
968933
753043
338652
124726
1039324
1085021
800023
39082
403527
921688
383663
12678
138287
878247
35228
506115
810237
1092020
104677
313166
924456
1004857
42254
610975
30423
596785
12453
441470
87415
1002327
1047846
434968
967478
461728
883984
502595
761247
1033297
859180
186508
298777
224371
389136
64514
1091364
421514
474238
975993
515177
395224
155559
1090660
374209
1004660
877492
196376
165040
368826
196216
696101
207502
265809
48526
935983
178283
577973
227533
558247
465499
363157
643198
219673
641891
244249
27502
643811
54438
163512
69656
614210
950314
1335
799564
430864
218983
939272
605662
352973
339563
519880
346712
81350
328537
936076
505490
38771
959319
252374
189300
178210
464778
589654
210880
91706
67205
481825
672265
264884
31294
623855
40304
828370
125047
677869
321379
855166
1008024
812103
809378
588867
263551
356438
221928
133998
705737
418605
1034523
164818
82229
964711
272568
564239
616200
434858
97205
681723
630295
341478
113743
662791
276524
794624
565413
1018680
556699
788215
585409
882299
595458
625884
230492
474207
1041212
757781
514771
497045
856628
1062522
652453
534479
16902
954863
66523
317404
705018
354006
928301
652098
26007
347758
897461
847302
667189
935428
858005
828907
576935
161718
561359
39846
651518
502439
64022
321505
730022
101726
491963
1034283
226363
70570
813784
428123
366421
27086
459471
466006
1022210
912913
714362
724791
58487
524700
400415
362678
303854
733801
563801
271465
1085222
424429
686158
554762
105171
629979
417684
931733
135307
448402
439232
963644
605439
542273
359318
106639
123102
232215
357024
180523
508985
291879
636644
430859
324196
913561
25296
642962
502103
440061
258638
795336
749550
193210
329306
594450
15430
646023
711437
812642
468351
769529
495126
564104
828657
324691
746571
570474
933845
1006439
741172
719596
874483
157587
1029372
664343
495916
339355
942393
1090262
534837
658700
207888
551511
144644
675996
902829
829591
333483
803098
445757
673385
995054
202933
39730
188963
639058
949263
1005413
1054368
934948
759197
839654
852199
406613
838914
640818
914595
29632
787594
808872
115367
900654
408396
922630
1012907
778329
614130
331790
143938
815105
583145
147141
242557
286929
900636
454643
935768
1032422
555512
623692
85436
303310
268198
452753
993745
829135
219133
213504
551726
378034
672249
674198
999499
580751
855187
1090846
943865
571475
634067
143262
344796
1025067
268520
1002989
159901
786470
1002178
1031004
911001
1074780
542243
557114
862493
170112
650470
490568
677407
938668
582702
641885
800178
149892
263091
234815
1037354
955141
780897
942128
185291
643558
725013
695216
877765
1018316
1091785
481163
428175
224131
383157
500604
484603
315005
1063281
772830
886974
573462
412967
104322
653506
701744
88691
821977
405926
138677
245074
240336
1048193
755518
982752
76941
991431
277054
641427
722824
70749
507792
589738
71438
192278
894782
726545
632801
748821
473022
994268
158713
375789
988749
640490
735980
862271
458402
523459
225074
580837
325683
1032294
307884
850012
356919
737599
234316
738719
951268
276942
1038848
703094
991802
421434
615489
479678
60036
878220
610934
394887
552376
429785
524013
376496
981573
240962
137347
813095
797048
713228
520775
239414
991185
741342
906044
39442
337160
577778
236324
689869
463389
1092049
458312
176634
795007
346419
180164
440013
34186
605231
655978
253334
338936
264461
537239
877086
566248
319844
952389
185317
978140
776621
772394
531410
666083
70944
1017008
743300
800986
60599
456799
706886
580728
1025940
543972
429837
130524
430156
150475
355996
117754
501864
462228
1016948
496989
1063441
560117
284187
567626
948211
579294
1026940
881448
1019300
1029801
670215
674196
742780
572014
778132
865680
249483
723171
359372
269216
520061
230233
302577
99213
57803
554906
1057986
79541
449235
971932
2398
166297
820279
905343
111402
461643
532425
399449
60532
513518
372799
683154
1060704
111146
331176
131121
467587
818327
286555
363818
1087400
856439
1021879
481194
339638
300525
196505
975893
244868
540759
49314
838064
986019
1024297
1073571
524782
819342
459053
430906
1069327
605875
228776
275340
798644
699047
456930
534044
775870
468795
747421
356956
602364
549410
387452
829199
910314
670788
971608
1051025
885125
901616
661019
65227
824872
629116
91890
149242
32816
599054
465957
678696
1053758
895609
83655
329773
870746
964810
335352
166706
775986
674408
375553
10449
873951
459521
851671
1009840
745083
195861
44739
724020
159176
269034
1077106
651566
339138
398223
715426
826286
1058677
641573
399609
469692
573314
664417
909368
574238
616940
792745
1049601
903578
1009967
217050
769
359070
434438
987071
717065
79157
311677
524517
692223
187156
983591
820800
1035075
183598
308139
24142
100323
814762
609626
511355
1057107
312626
264398
435819
666039
863204
703491
439301
285623
82516
519526
425179
112543
993389
855229
706137
96422
1083298
1002591
514592
1077388
633757
631008
1033055
721197
444699
135409
252784
815110
1090037
524762
574353
866759
446385
633995
51730
774092
563774
24479
589676
675227
841109
469914
792426
1063978
939166
632910
574809
399796
289063
254928
948750
392483
32737
687727
606176
677602
200133
215870
483363
456959
41142
779403
224946
143640
1051556
293455
742404
798246
1090425
942726
325878
380211
675085
165914
477811
379759
451644
789866
916826
351034
842539
226606
223139
763051
968669
458796
997622
46334
17452
1039988
740211
747648
711650
57985
839725
414525
1040343
1067856
271775
824685
174499
427863
1023350
325386
178543
20998
420405
849615
26344
386571
435567
388238
646327
33202
595262
1022847
971056
824457
292877
765626
914936
452186
439784
936852
962873
60602
444765
185994
378152
325943
507062
1033367
63670
808510
964542
436055
93558
583869
909627
118662
670544
352342
756914
883979
215010
618390
923465
140350
384382
26054
1031993
992329
58445
150699
1069737
751794
19109
279271
612746
248575
295339
1024810
875124
335625
389497
1037094
136725
583717
882838
418663
20924
1031278
886923
354431
366552
181974
413241
315280
848124
965829
937391
117162
379225
583453
149145
985938
915136
348049
340667
11666
244235
425885
919929
964576
60917
591368
123140
1029565
715670
409995
321101
54408
454467
926080
858671
645555
694764
77845
324447
479600
29849
392247
76772
453988
835848
420487
905135
328081
680824
739828
754527
310874
552239
105005
72641
288438
237777
570115
831786
1070585
747065
938130
870601
127881
417878
1006298
476729
11762
795563
806020
664189
140664
194983
292553
1005951
676828
144050
557093
145885
831207
787629
992452
630054
775633
798515
753693
795305
224407
220212
850912
236653
222694
822825
833913
468108
367486
657928
148083
255439
746344
515515
447421
326530
909668
1071062
338153
357518
639788
192982
722077
546169
154174
824901
85343
557215
231750
11718
958437
104124
153952
1063593
733653
868053
965103
869518
179702
923400
53687
599917
637697
50077
390231
113161
244304
872672
22730
417373
143365
172338
706640
615578
856734
340259
800157
903361
802367
346151
171403
951843
972077
818906
906203
397382
556915
820972
1051525
167597
428712
315877
744479
26499
411794
1067798
52244
840733
636796
1087620
867602
323015
838241
9754
894486
431637
122968
956886
394148
614619
824910
675549
956980
932395
822357
852941
562472
800250
337250
1017799
1030063
639059
936619
632809
174008
1061434
826157
759372
542488
90642
112479
816261
552551
139314
1064679
419104
712748
942103
451752
27496
976498
411511
332255
157891
369528
662662
219958
127491
602784
969044
569682
573132
1029229
462612
1060838
97347
702243
105169
974033
1090531
698058
399626
1088388
509621
906563
205820
246273
85674
579863
953646
1031586
702605
247386
898189
1069350
798824
137639
344720
117812
550292
161236
94817
1062980
706964
415581
417383
137418
766475
317301
164689
656825
295044
89720
417301
143487
650651
56507
619095
515866
478983
202888
937148
672729
134044
955021
436183
916433
165330
484097
333501
710177
285647
286434
194027
399597
619957
1069356
525309
698765
393947
794381
186524
1044392
303841
208978
61002
290882
283239
812447
452161
377256
194834
728647
316667
845650
921189
818971
42774
63282
951328
125739
37204
912996
370738
745288
245760
456334
747973
392656
137621
93991
697138
871706
1006420
491297
244208
1073985
807522
451931
849682
397362
114146
711406
988969
398903
190703
561222
485847
643965
223586
919216
1030372
1019704
634156
36700
535516
830458
132155
543276
791531
148927
643238
177153
359865
670218
211129
805067
202457
190990
73437
412149
646973
314363
988115
251289
674057
579362
972792
231788
161224
752208
1083731
124215
458143
401165
780281
531707
471050
1023550
509416
297552
771235
594079
870913
536886
344080
833816
30524
233079
759833
289911
684271
466567
18908
323787
864968
419970
1044680
90787
666395
124101
508968
427804
834027
11425
1076815
1010398
543722
708126
20184
605868
653588
615327
885553
423137
346845
736753
557083
603160
869496
110401
356491
979520
18432
747309
406981
541812
354217
791310
565622
82428
928079
947784
285569
10201
968642
820501
498384
830303
845450
647823
879705
150972
235974
672999
167324
960925
921752
21591
371484
978757
111085
1075126
237538
273209
61819
222516
823550
287925
1033030
343548
673505
178914
232325
592642
701346
1047309
1026619
71687
875636
1008484
527622
714656
882651
138379
149864
512466
233323
608541
59722
710093
345781
154252
755123
292157
744332
871339
303575
789573
727605
353329
374384
524896
433359
201939
858251
810142
460982
470776
728060
18981
320428
672002
815965
293044
905500
5771
606047
822851
161477
751317
899585
420578
247244
190631
46522
993379
1011004
971996
1078936
592245
928668
181273
149199
83095
632462
42713
386678
983447
1069515
211255
426666
14505
799741
436760
333868
994278
997096
426360
532771
631613
168894
1057380
841167
465807
42450
589179
836432
651358
4761
1018011
922616
584203
708282
135741
153414
767926
1058884
861088
642284
97219
637353
974040
114377
816918
377930
717819
1035672
395553
275147
277856
181891
417009
450888
68023
402054
335952
850171
926508
133936
868735
207213
532325
152419
983993
492088
474175
110795
262738
218037
132218
210809
673299
105457
971380
725869
391442
429719
527528
981879
499783
579706
824692
758460
432182
349096
570766
580493
606195
959516
156607
998007
28784
891297
749601
344408
73075
899983
722037
545923
771630
1081257
813540
90778
434933
188761
29344
879693
78753
592510
747532
933262
877420
570465
414100
1062668
563055
842261
727221
837411
76312
1000943
762180
829071
48065
1008745
623193
2101
841282
571809
96668
881738
70991
670206
495389
795293
822658
608241
